815 632 3
906 356 1
127 998 1
914 225 3
633 653 1
98 605 2
279 388 3
547 143 1
958 26 2
965 422 2
158 185 2
971 726 3
958 371 1
486 842 2
801 735 1
142 572 2
422 177 3
916 958 3
793 266 3
960 925 3
656 224 2
36 374 3
850 88 3
934 641 1
679 181 2
758 46 3
744 724 3
393 348 3
656 661 2
172 384 2
707 628 3
32 22 2
277 911 3
47 801 2
98 746 3
824 814 1
695 384 2
318 618 2
951 576 3
35 531 3
439 276 1
382 249 3
766 452 3
796 228 3
187 805 3
490 987 1
446 30 1
647 536 2
710 88 2
755 803 2
277 990 3
680 67 2
656 940 2
163 19 3
119 684 3
499 784 3
960 535 1
341 886 3
586 900 3
224 626 3
752 138 3
256 218 3
506 183 3
700 42 3
891 107 1
960 617 1
548 940 1
139 355 3
150 411 3
258 985 3
841 946 1
255 677 2
815 989 3
244 767 3
930 337 3
350 663 2
197 245 3
252 296 3
617 681 3
474 528 3
352 412 2
831 603 1
586 751 2
550 584 1
918 552 2
286 584 3
758 512 3
754 83 3
381 720 3
568 997 1
76 355 3
54 972 3
531 347 3
780 887 3
935 455 3
130 414 1
569 218 1
470 126 3
12 309 3
338 727 3
163 783 3
795 694 3
312 10 3
529 844 2
166 923 3
602 771 3
263 43 3
655 379 3
690 705 3
749 730 3
451 225 2
84 270 3
229 674 1
914 478 3
153 624 3
826 237 1
539 178 1
997 830 3
79 767 3
443 935 3
107 108 3
962 183 1
5 100 3
775 490 2
818 194 1
869 896 1
85 100 3
400 45 1
260 558 2
801 773 1
432 312 1
911 179 1
182 339 1
264 211 3
146 511 3
137 907 2
870 629 1
580 102 3
550 391 1
145 55 2
854 502 1
623 432 2
351 998 1
514 812 3
402 486 1
76 895 3
240 138 3
124 391 1
184 928 3
240 918 2
418 714 3
50 619 3
903 344 1
945 937 3
491 125 3
490 731 1
338 647 3
901 834 3
370 399 3
112 750 3
781 836 2
390 323 3
242 553 2
404 980 3
97 550 2
132 331 3
943 620 3
957 361 3
576 757 2
60 414 3
235 493 1
354 695 3
822 973 2
16 328 3
44 838 2
169 740 3
650 955 3
732 32 3
648 357 3
451 663 3
548 282 1
297 231 3
745 712 1
189 625 1
687 591 2
184 661 3
369 48 3
626 349 3
781 452 3
82 241 1
930 716 3
776 857 3
487 282 3
436 732 3
447 138 3
307 837 3
509 139 3
511 589 3
818 367 1
795 807 2
645 504 3
379 490 2
812 878 2
533 354 3
351 450 1
940 964 3
876 43 1
551 973 3
623 190 2
588 668 3
208 587 2
302 676 1
471 362 2
231 621 3
845 812 1
195 20 2
226 84 3
171 975 3
228 652 3
436 232 3
312 404 3
924 123 2
431 269 1
185 258 1
905 332 1
980 153 3
439 349 1
112 122 2
259 885 2
409 95 2
595 931 3
263 400 2
603 48 3
712 343 3
222 736 3
118 795 3
297 545 2
319 687 1
425 894 2
508 55 3
86 304 3
263 47 3
802 196 1
30 721 3
929 722 3
731 878 2
489 583 1
579 71 3
238 923 3
459 801 2
964 286 2
547 544 3
522 985 3
232 716 3
489 839 3
625 434 3
680 471 3
396 561 2
368 270 3
988 750 3
38 504 3
886 647 1
914 308 3
797 139 3
99 476 3
262 363 3
336 789 1
680 781 3
137 669 3
722 134 3
107 22 2
654 560 2
495 301 3
780 940 3
716 981 2
904 287 1
891 801 2
335 897 2
699 598 3
198 885 2
31 944 3
745 550 3
501 729 3
480 577 3
905 26 1
610 447 3
618 647 1
860 522 1
806 373 1
577 938 3
183 830 2
240 850 2
887 373 1
29 594 3
490 873 3
168 934 3
979 669 2
713 207 3
501 654 1
472 73 3
60 407 2
682 667 3
43 934 3
72 811 2
522 485 3
97 757 2
819 418 1
818 972 1
723 988 3
150 865 1
660 389 3
519 455 3
973 247 1
649 785 3
801 883 1
454 914 3
433 559 2
826 599 1
84 149 3
134 900 3
174 451 3
391 206 2
832 900 1
804 763 1
61 883 3
400 285 1
527 674 3
417 665 3
657 123 2
628 408 3
292 276 3
432 717 3
16 284 3
985 897 2
168 827 2
107 391 3
373 498 3
199 695 1
490 835 3
340 610 3
952 575 3
921 327 3
53 457 3
738 714 3
270 885 2
423 721 1
548 19 1
943 675 3
418 439 3
984 438 1
302 118 3
702 815 3
667 325 3
540 247 1
699 343 3
667 376 3
179 547 2
129 562 2
1000 396 3
172 399 3
33 516 3
562 658 1
882 951 1
670 723 3
191 401 1
369 832 2
461 135 3
982 61 1
157 85 3
856 164 1
645 325 3
377 302 3
191 12 1
429 540 2
483 96 3
121 147 1
590 632 3
227 860 2
385 975 2
583 571 2
252 997 3
291 554 3
618 516 1
266 331 3
825 431 1
983 492 3
731 72 3
344 888 3
585 65 3
108 437 3
907 827 1
880 395 1
818 614 1
261 819 2
595 887 3
23 932 1
426 191 1
313 259 3
162 898 2
179 594 3
423 504 1
95 613 1
599 820 2
471 532 3
696 203 2
700 454 3
639 428 3
34 967 2
69 621 3
320 696 3
531 721 3
655 347 3
408 517 3
820 557 2
719 157 3
969 563 2
532 695 3
326 427 3
106 837 2
611 732 3
779 361 3
424 455 3
91 387 3
267 776 3
154 735 1
282 431 2
441 694 1
528 946 3
458 785 2
876 706 1
519 110 3
944 390 3
638 591 2
958 460 1
241 51 2
677 229 3
290 835 2
672 16 3
696 864 2
68 79 1
255 670 3
225 501 1
668 218 3
845 572 1
345 123 1
781 672 3
676 600 2
7 56 2
603 57 1
387 153 3
916 20 2
2 436 3
463 833 2
425 618 2
461 521 3
771 864 2
323 98 3
785 909 1
472 109 3
36 517 3
176 144 3
722 560 2
474 5 3
153 767 3
342 849 2
608 917 3
192 987 1
739 506 3
243 272 3
918 101 3
270 508 1
766 586 3
189 763 1
288 83 1
92 662 3
577 517 3
684 172 3
547 939 1
426 591 2
645 441 2
648 942 2
680 656 1
636 452 1
946 840 3
209 533 3
710 554 2
237 681 3
120 368 3
608 240 3
451 579 3
459 867 2
662 407 2
771 113 3
351 444 1
663 301 1
417 402 2
842 834 3
833 404 1
257 391 3
614 361 3