815 632 1
906 356 2
127 998 3
914 225 2
633 653 1
98 605 3
279 388 1
547 143 2
958 26 1
965 422 1
158 185 1
971 726 2
958 371 1
486 842 1
801 735 2
142 572 3
422 177 1
916 958 3
793 266 1
960 925 1
656 224 2
36 374 2
850 88 2
934 641 2
679 181 1
758 46 1
744 724 1
393 348 3
656 661 2
172 384 2
707 628 3
32 22 1
277 911 1
47 801 1
98 746 3
824 814 2
695 384 1
318 618 2
951 576 1
35 531 3
439 276 3
382 249 2
766 452 1
796 228 3
187 805 3
490 987 2
446 30 2
647 536 1
710 88 2
755 803 1
277 990 2
680 67 1
656 940 2
163 19 3
119 684 1
499 784 2
960 535 3
341 886 1
586 900 3
224 626 1
752 138 2
256 218 2
506 183 2
700 42 2
891 107 2
960 617 2
548 940 2
139 355 1
150 411 2
258 985 3
841 946 2
255 677 3
815 989 2
244 767 2
930 337 2
350 663 2
197 245 1
252 296 1
617 681 1
474 528 1
352 412 3
831 603 3
586 751 3
550 584 2
918 552 1
286 584 2
758 512 3
754 83 2
381 720 3
568 997 2
76 355 3
54 972 3
531 347 3
780 887 1
935 455 3
130 414 2
569 218 2
470 126 3
12 309 2
338 727 1
163 783 3
795 694 1
312 10 3
529 844 3
166 923 2
602 771 1
263 43 1
655 379 1
690 705 1
749 730 2
451 225 3
84 270 1
229 674 1
914 478 2
153 624 3
826 237 2
539 178 2
997 830 1
79 767 2
443 935 3
107 108 3
962 183 2
5 100 3
775 490 1
818 194 2
869 896 2
85 100 2
400 45 2
260 558 1
801 773 2
432 312 2
911 179 3
182 339 3
264 211 3
146 511 3
137 907 1
870 629 3
580 102 2
550 391 3
145 55 1
854 502 2
623 432 3
351 998 2
514 812 1
402 486 3
76 895 1
240 138 2
124 391 3
184 928 1
240 918 1
418 714 1
50 619 1
903 344 1
945 937 3
491 125 3
490 731 2
338 647 1
901 834 1
370 399 3
112 750 2
781 836 1
390 323 2
242 553 1
404 980 2
97 550 3
132 331 2
943 620 3
957 361 3
576 757 1
60 414 3
235 493 2
354 695 3
822 973 3
16 328 2
44 838 1
169 740 3
650 955 2
732 32 1
648 357 2
451 663 2
548 282 2
297 231 2
745 712 3
189 625 3
687 591 3
184 661 1
369 48 3
626 349 3
781 452 1
82 241 2
930 716 1
776 857 1
487 282 3
436 732 2
447 138 2
307 837 3
509 139 2
511 589 3
818 367 3
795 807 1
645 504 1
379 490 3
812 878 1
533 354 3
351 450 3
940 964 3
876 43 2
551 973 3
623 190 3
588 668 3
208 587 1
302 676 1
471 362 3
231 621 1
845 812 3
195 20 1
226 84 3
171 975 3
228 652 1
436 232 3
312 404 1
924 123 1
431 269 3
185 258 2
905 332 3
980 153 1
439 349 1
112 122 1
259 885 1
409 95 1
595 931 1
263 400 1
603 48 1
712 343 2
222 736 1
118 795 3
297 545 1
319 687 2
425 894 1
508 55 1
86 304 3
263 47 1
802 196 3
30 721 1
929 722 1
731 878 1
489 583 2
579 71 1
238 923 2
459 801 2
964 286 1
547 544 1
522 985 1
232 716 1
489 839 3
625 434 3
680 471 3
396 561 1
368 270 3
988 750 1
38 504 2
886 647 2
914 308 3
797 139 3
99 476 3
262 363 1
336 789 1
680 781 3
137 669 1
722 134 2
107 22 1
654 560 3
495 301 2
780 940 3
716 981 3
904 287 1
891 801 2
335 897 3
699 598 2
198 885 3
31 944 2
745 550 3
501 729 2
480 577 2
905 26 1
610 447 3
618 647 2
860 522 2
806 373 3
577 938 1
183 830 1
240 850 1
887 373 2
29 594 1
490 873 3
168 934 2
979 669 2
713 207 3
501 654 3
472 73 2
60 407 3
682 667 2
43 934 1
72 811 3
522 485 1
97 757 3
819 418 2
818 972 3
723 988 2
150 865 1
660 389 1
519 455 3
973 247 3
649 785 2
801 883 1
454 914 3
433 559 1
826 599 2
84 149 2
134 900 1
174 451 1
391 206 3
832 900 2
804 763 3
61 883 1
400 285 1
527 674 3
417 665 2
657 123 1
628 408 2
292 276 2
432 717 3
16 284 3
985 897 3
168 827 1
107 391 1
373 498 2
199 695 2
490 835 3
340 610 3
952 575 1
921 327 2
53 457 2
738 714 1
270 885 1
423 721 3
548 19 2
943 675 1
418 439 3
984 438 2
302 118 3
702 815 1
667 325 2
540 247 3
699 343 2
667 376 1
179 547 1
129 562 3
1000 396 2
172 399 1
33 516 2
562 658 3
882 951 2
670 723 1
191 401 2
369 832 1
461 135 1
982 61 2
157 85 3
856 164 3
645 325 2
377 302 3
191 12 3
429 540 1
483 96 1
121 147 3
590 632 3
227 860 3
385 975 1
583 571 3
252 997 1
291 554 1
618 516 2
266 331 3
825 431 2
983 492 2
731 72 1
344 888 3
585 65 3
108 437 1
907 827 1
880 395 2
818 614 2
261 819 1
595 887 3
23 932 2
426 191 1
313 259 2
162 898 1
179 594 1
423 504 2
95 613 3
599 820 1
471 532 2
696 203 1
700 454 1
639 428 1
34 967 1
69 621 3
320 696 3
531 721 1
655 347 2
408 517 2
820 557 3
719 157 3
969 563 1
532 695 3
326 427 3
106 837 1
611 732 1
779 361 1
424 455 2
91 387 1
267 776 3
154 735 3
282 431 1
441 694 1
528 946 2
458 785 1
876 706 2
519 110 2
944 390 1
638 591 3
958 460 2
241 51 1
677 229 3
290 835 1
672 16 1
696 864 1
68 79 1
255 670 1
225 501 1
668 218 3
845 572 2
345 123 3
781 672 3
676 600 2
7 56 2
603 57 3
387 153 3
916 20 1
2 436 1
463 833 1
425 618 3
461 521 1
771 864 1
323 98 3
785 909 1
472 109 2
36 517 2
176 144 3
722 560 3
474 5 3
153 767 2
342 849 1
608 917 2
192 987 2
739 506 1
243 272 3
918 101 2
270 508 3
766 586 1
189 763 2
288 83 2
92 662 1
577 517 1
684 172 2
547 939 2
426 591 1
645 441 1
648 942 1
680 656 3
636 452 3
946 840 1
209 533 2
710 554 1
237 681 1
120 368 1
608 240 2
451 579 2
459 867 1
662 407 1
771 113 3
351 444 2
663 301 1
417 402 1
842 834 3
833 404 2
257 391 1
614 361 3