815 632 3
906 356 3
127 998 1
914 225 1
633 653 3
98 605 3
279 388 3
547 143 3
958 26 2
965 422 3
158 185 3
971 726 2
958 371 2
486 842 3
801 735 3
142 572 3
422 177 3
916 958 1
793 266 3
960 925 1
656 224 1
36 374 2
850 88 2
934 641 3
679 181 1
758 46 3
744 724 2
393 348 3
656 661 2
172 384 3
707 628 3
32 22 3
277 911 3
47 801 3
98 746 3
824 814 3
695 384 3
318 618 3
951 576 3
35 531 3
439 276 3
382 249 2
766 452 3
796 228 3
187 805 3
490 987 3
446 30 3
647 536 3
710 88 3
755 803 3
277 990 3
680 67 3
656 940 3
163 19 3
119 684 3
499 784 2
960 535 3
341 886 1
586 900 3
224 626 2
752 138 3
256 218 3
506 183 3
700 42 3
891 107 1
960 617 3
548 940 3
139 355 3
150 411 3
258 985 2
841 946 3
255 677 2
815 989 3
244 767 3
930 337 3
350 663 3
197 245 3
252 296 3
617 681 3
474 528 3
352 412 3
831 603 3
586 751 1
550 584 3
918 552 3
286 584 2
758 512 3
754 83 3
381 720 3
568 997 3
76 355 3
54 972 1
531 347 3
780 887 3
935 455 3
130 414 3
569 218 1
470 126 1
12 309 3
338 727 3
163 783 3
795 694 3
312 10 3
529 844 2
166 923 1
602 771 2
263 43 3
655 379 3
690 705 3
749 730 3
451 225 1
84 270 3
229 674 2
914 478 3
153 624 3
826 237 1
539 178 3
997 830 1
79 767 3
443 935 3
107 108 2
962 183 2
5 100 1
775 490 2
818 194 3
869 896 3
85 100 1
400 45 3
260 558 3
801 773 3
432 312 3
911 179 3
182 339 1
264 211 3
146 511 3
137 907 3
870 629 3
580 102 3
550 391 1
145 55 1
854 502 2
623 432 1
351 998 3
514 812 3
402 486 2
76 895 3
240 138 3
124 391 1
184 928 3
240 918 3
418 714 3
50 619 3
903 344 3
945 937 1
491 125 3
490 731 3
338 647 3
901 834 2
370 399 3
112 750 3
781 836 3
390 323 3
242 553 3
404 980 3
97 550 1
132 331 3
943 620 2
957 361 3
576 757 2
60 414 2
235 493 3
354 695 3
822 973 1
16 328 2
44 838 3
169 740 3
650 955 1
732 32 1
648 357 3
451 663 3
548 282 3
297 231 3
745 712 3
189 625 3
687 591 3
184 661 3
369 48 3
626 349 3
781 452 2
82 241 3
930 716 3
776 857 3
487 282 3
436 732 3
447 138 3
307 837 1
509 139 3
511 589 3
818 367 3
795 807 3
645 504 3
379 490 3
812 878 3
533 354 3
351 450 1
940 964 3
876 43 3
551 973 1
623 190 1
588 668 1
208 587 2
302 676 3
471 362 3
231 621 3
845 812 2
195 20 3
226 84 1
171 975 3
228 652 3
436 232 2
312 404 3
924 123 3
431 269 3
185 258 3
905 332 3
980 153 2
439 349 3
112 122 3
259 885 2
409 95 1
595 931 3
263 400 3
603 48 3
712 343 3
222 736 3
118 795 3
297 545 3
319 687 3
425 894 2
508 55 1
86 304 3
263 47 3
802 196 3
30 721 1
929 722 3
731 878 3
489 583 3
579 71 3
238 923 2
459 801 3
964 286 1
547 544 3
522 985 3
232 716 3
489 839 3
625 434 1
680 471 3
396 561 3
368 270 2
988 750 3
38 504 3
886 647 2
914 308 2
797 139 2
99 476 2
262 363 2
336 789 3
680 781 3
137 669 3
722 134 3
107 22 3
654 560 3
495 301 3
780 940 3
716 981 3
904 287 3
891 801 3
335 897 3
699 598 3
198 885 3
31 944 3
745 550 3
501 729 3
480 577 2
905 26 3
610 447 2
618 647 3
860 522 3
806 373 3
577 938 3
183 830 3
240 850 3
887 373 2
29 594 3
490 873 3
168 934 3
979 669 2
713 207 3
501 654 3
472 73 3
60 407 2
682 667 3
43 934 3
72 811 3
522 485 3
97 757 3
819 418 3
818 972 1
723 988 3
150 865 3
660 389 3
519 455 3
973 247 2
649 785 3
801 883 3
454 914 1
433 559 1
826 599 2
84 149 2
134 900 2
174 451 3
391 206 3
832 900 3
804 763 3
61 883 3
400 285 1
527 674 3
417 665 3
657 123 3
628 408 2
292 276 1
432 717 2
16 284 2
985 897 1
168 827 3
107 391 1
373 498 1
199 695 3
490 835 3
340 610 1
952 575 2
921 327 3
53 457 3
738 714 2
270 885 2
423 721 3
548 19 3
943 675 3
418 439 3
984 438 3
302 118 3
702 815 3
667 325 3
540 247 2
699 343 3
667 376 1
179 547 3
129 562 3
1000 396 3
172 399 3
33 516 3
562 658 3
882 951 1
670 723 3
191 401 3
369 832 3
461 135 1
982 61 3
157 85 2
856 164 3
645 325 3
377 302 3
191 12 3
429 540 3
483 96 3
121 147 3
590 632 3
227 860 3
385 975 3
583 571 3
252 997 3
291 554 3
618 516 3
266 331 3
825 431 2
983 492 2
731 72 3
344 888 3
585 65 1
108 437 1
907 827 3
880 395 2
818 614 1
261 819 2
595 887 3
23 932 3
426 191 3
313 259 2
162 898 3
179 594 3
423 504 3
95 613 1
599 820 1
471 532 3
696 203 3
700 454 3
639 428 2
34 967 3
69 621 2
320 696 3
531 721 1
655 347 3
408 517 3
820 557 2
719 157 1
969 563 3
532 695 3
326 427 3
106 837 1
611 732 3
779 361 3
424 455 3
91 387 3
267 776 2
154 735 3
282 431 2
441 694 2
528 946 3
458 785 1
876 706 2
519 110 1
944 390 3
638 591 3
958 460 2
241 51 3
677 229 1
290 835 3
672 16 1
696 864 3
68 79 3
255 670 2
225 501 2
668 218 3
845 572 2
345 123 2
781 672 2
676 600 3
7 56 3
603 57 1
387 153 3
916 20 2
2 436 2
463 833 1
425 618 2
461 521 1
771 864 2
323 98 3
785 909 3
472 109 1
36 517 3
176 144 3
722 560 3
474 5 3
153 767 3
342 849 3
608 917 3
192 987 3
739 506 3
243 272 1
918 101 3
270 508 2
766 586 3
189 763 3
288 83 1
92 662 3
577 517 3
684 172 2
547 939 3
426 591 3
645 441 1
648 942 1
680 656 3
636 452 3
946 840 3
209 533 3
710 554 3
237 681 2
120 368 1
608 240 3
451 579 3
459 867 3
662 407 3
771 113 3
351 444 3
663 301 3
417 402 1
842 834 3
833 404 3
257 391 3
614 361 2