1745 1380 2
1893 1320 3
1243 1987 3
1130 1719 3
1226 1414 1
1351 1099 3
1288 1735 3
1928 1638 2
1052 1074 1
1593 1121 2
1163 1982 2
1839 1497 1
1168 1023 3
1503 1054 2
2000 1141 2
1356 1894 3
1048 1466 1
1214 1561 2
1398 1495 2
1334 1068 2
1230 1898 1
1937 1289 2
1684 1270 1
1963 1595 1
1438 1476 2
1941 1369 3
1006 1656 1
1611 1939 2
1802 1621 2
1233 1283 1
1933 1206 1
1764 1440 2
1827 1028 1
1574 1877 3
1793 1611 1
1330 1204 3
1224 1520 1
1313 1054 2
1585 1863 1
1830 1443 1
1291 1549 2
1403 1567 1
1863 1681 1
1615 1372 1
1992 1079 1
1204 1457 3
1828 1048 3
1676 1739 3
1249 1039 1
1476 1955 3
1400 1743 2
1600 1938 2
1801 1514 1
1106 1241 1
1822 1260 3
1842 1759 1
1355 1994 3
1431 1357 3
1573 1753 2
1701 1111 3
1743 1598 1
1758 1431 1
1390 1731 3
1430 1262 3
1957 1095 3
1573 1451 3
1850 1641 2
1277 1133 3
1623 1453 1
1589 1653 1
1964 1827 2
1086 1309 3
1501 1403 2
1522 1885 1
1091 1701 3
1905 1242 3
1885 1760 3
1439 1291 1
1782 1278 1
1149 1007 2
1620 1375 1
1261 1437 3
1446 1305 3
1844 1291 3
1197 1243 3
1304 1937 3
1484 1861 3
1338 1398 1
1799 1480 1
1988 1565 2
1160 1490 3
1237 1270 1
1703 1990 3
1376 1184 2
1974 1862 1
1973 1033 3
1644 1332 1
1861 1749 2
1402 1645 2
1632 1170 1
1986 1953 3
1560 1544 1
1934 1252 3
1721 1579 3
1485 1916 3
1640 1896 1
1888 1483 3
1199 1443 3
1396 1312 1
1993 1056 1
1403 1754 2
1659 1132 1
1902 1356 3
1996 1396 3
1654 1886 3
1109 1022 3
1037 1845 1
1619 1289 1
1568 1251 1
1962 1489 1
1747 1730 3
1663 1203 3
1524 1217 3
1260 1977 1
1962 1594 1
1541 1305 1
1031 1968 2
1697 1896 3
1520 1191 3
1060 1002 1
1891 1712 3
1331 1868 1
1230 1119 1
1114 1040 1
1311 1599 3
1229 1605 1
1652 1517 3
1067 1008 3
1276 1689 3
1282 1947 3
1881 1874 1
1445 1114 3
1756 1355 1
1604 1242 2
1784 1561 2
1114 1613 1
1979 1301 1
1849 1799 2
1051 1796 1
1467 1782 2
1326 1352 3
1631 1055 1
1231 1709 1
1580 1993 2
1604 1163 3
1600 1114 2
1449 1913 3
1036 1482 1
1514 1852 3
1408 1810 2
1109 1187 2
1460 1248 3
1451 1055 3
1552 1609 1
1806 1778 2
1701 1512 2
1873 1028 3
1053 1991 1
1220 1501 1
1460 1332 3
1959 1174 3
1791 1626 2
1452 1576 3
1334 1751 3
1060 1154 1
1741 1357 3
1507 1144 3
1200 1851 3
1428 1338 2
1169 1276 3
1752 1007 1
1369 1802 2
1942 1498 2
1018 1538 3
1830 1871 1
1627 1723 1
1539 1669 3
1651 1179 3
1727 1551 2
1095 1960 2
1878 1597 3
1015 1809 3
1295 1985 3
1180 1886 1
1927 1214 2
1069 1035 1
1582 1452 3
1638 1014 1
1652 1474 3
1865 1952 3
1056 1249 3
1817 1387 1
1529 1432 3
1695 1831 3
1213 1825 1
1544 1453 1
1703 1381 3
1957 1926 3
1445 1741 1
1086 1738 2
1058 1947 3
1630 1511 1
1797 1792 1
1692 1453 3
1346 1850 3
1947 1391 3
1521 1739 3
1954 1977 3
1074 1524 1
1208 1430 1
1776 1208 1
1915 1324 3
1783 1111 1
1296 1376 3
1152 1330 1
1848 1343 2
1785 1818 2
1271 1532 2
1228 1522 2
1322 1775 2
1830 1121 1
1823 1626 2
1571 1347 1
1572 1335 2
1287 1575 3
1700 1864 3
1797 1199 1
1442 1673 1
1447 1902 3
1466 1200 1
1280 1299 1
1676 1497 3
1904 1890 3
1909 1502 3
1748 1277 1
1261 1534 1
1690 1575 3
1132 1413 1
1124 1015 3
1191 1703 3
1146 1507 1
1586 1382 1
1074 1065 1
1823 1359 3
1723 1235 3
1926 1204 3
1493 1814 2
1655 1394 3
1891 1054 2
1539 1376 3
1283 1775 2
1976 1166 3
1037 1913 3
1327 1320 3
1974 1330 3
1366 1205 1
1310 1768 3
1121 1070 3
1916 1951 3
1136 1159 3
1333 1287 3
1898 1688 3
1500 1142 3
1616 1513 3
1584 1722 3
1699 1929 3
1030 1733 3
1528 1750 2
1033 1408 2
1828 1240 1
1340 1521 2
1847 1220 2
1247 1843 3
1582 1663 3
1938 1817 1
1048 1794 3
1054 1470 1
1021 1310 3
1682 1688 3
1599 1987 3
1115 1770 3
1797 1830 1
1618 1707 1
1071 1596 1
1070 1753 2
1137 1497 1
1789 1866 2
1093 1069 3
1238 1969 1
1244 1099 3
1105 1547 2
1859 1403 2
1699 1108 3
1734 1725 3
1651 1614 2
1517 1783 2
1327 1567 3
1662 1812 2
1118 1577 3
1148 1945 3
1020 1872 3
1965 1508 2
1971 1789 3
1124 1474 3
1468 1829 3
1657 1323 3
1291 1977 3
1755 1279 1
1559 1073 1
1428 1752 2
1268 1832 2
1754 1923 1
1899 1328 3
1729 1805 2
1407 1539 3
1939 1464 1
1256 1821 3
1534 1952 3
1955 1077 2
1268 1709 1
1251 1235 2
1928 1399 3
1069 1269 3
1300 1833 3
1592 1996 3
1204 1650 3
1636 1704 3
1799 1933 1
1502 1688 3
1651 1569 3
1796 1381 1
1234 1635 1
1601 1364 2
1113 1408 1
1516 1369 2
1838 1469 1
1921 1504 3
1499 1911 1
1278 1207 3
1653 1339 2
1918 1575 2
1510 1487 3
1975 1263 2
1198 1580 1
1112 1879 1
1298 1061 2
1397 1441 2
1421 1085 1
1312 1564 2
1694 1540 3
1092 1769 3
1403 1234 1
1296 1588 3
1307 1459 1
1106 1861 3
1594 1661 3
1283 1354 3
1156 1348 3
1001 1254 3
1284 1953 3
1551 1299 1
1871 1159 3
1043 1362 3
1905 1742 2
1131 1706 3
1834 1701 3
1801 1007 1
1918 1375 3
1138 1902 1
1505 1319 1
1405 1598 3
1174 1298 3
1576 1126 3
1607 1389 3
1215 1818 2
1520 1982 2
1990 1862 3
1490 1084 1
1695 1338 2
1412 1237 2
1035 1318 3
1293 1985 3
1802 1549 1
1347 1750 2
1084 1842 3
1512 1167 3
1367 1904 1
1740 1106 3
1525 1746 3
1805 1730 1
1817 1718 1
1190 1134 1
1124 1446 3
1821 1509 3
1638 1531 1
1017 1860 3
1896 1678 3
1516 1806 2
1545 1532 1
1607 1956 3
1761 1067 3
1856 1542 2
1383 1282 3
1085 1481 3
1734 1685 2
1332 1209 1
1840 1609 1
1372 1327 3
1829 1881 1
1177 1134 1
1130 1103 3
1880 1960 3
1045 1153 2
1687 1153 2
1734 1156 3
1438 1090 2
1380 1455 1
1980 1669 1
1399 1832 2
1441 1791 1
1157 1713 3
1327 1473 2
1315 1709 1
1895 1959 3
1248 1506 3
1311 1306 3
1409 1790 2
1709 1237 2
1144 1235 2
1872 1465 3
1084 1620 2
1462 1616 3
1031 1123 3
1754 1124 1
1701 1285 3
1215 1736 1
1680 1412 3
1558 1829 1
1851 1936 2
1559 1400 1
1902 1053 2
1420 1572 3
1359 1748 3
1489 1321 3
1256 1493 3
1930 1222 2
1467 1940 2
1255 1483 1
1432 1540 3
1703 1222 2
1403 1096 1
1182 1061 2
1857 1820 2
1585 1772 2
1374 1196 3
1222 1896 1
1219 1685 3
1523 1657 1
1434 1991 3
1742 1034 1
1071 1425 1
1848 1490 2
1680 1584 3
1137 1084 1
1859 1661 3
1200 1053 2
1608 1557 2
1544 1713 1
1163 1488 3
1006 1618 2
1772 1214 2
1765 1646 2
1422 1381 3
1057 1104 3
1586 1378 1
1175 1263 3
1729 1242 2
1535 1623 3
1254 1523 2
1918 1414 3
1759 1218 2
1888 1859 3
1069 1862 3
1184 1284 3
1738 1616 1
1697 1780 2
1777 1955 1
1502 1920 1
1426 1385 1
1612 1163 3