841 829 3
481 545 2
630 313 3
220 996 3
329 69 2
97 704 1
632 121 3
902 210 3
704 9 3
101 573 3
814 964 2
789 107 3
52 594 3
950 130 3
161 477 1
146 335 3
673 680 2
82 279 3
305 961 2
422 802 3
464 647 3
490 632 3
822 456 1
141 957 3
44 953 3
293 812 1
110 838 3
401 52 3
835 772 3
696 161 2
382 171 3
118 192 3
754 918 3
236 3 3
103 194 3
717 490 2
969 275 3
256 317 3
700 76 2
441 806 3
527 409 3
615 919 3
776 159 3
467 602 2
66 717 1
400 32 3
930 255 3
283 854 3
388 269 3
463 672 3
923 432 3
584 604 3
881 710 1
375 984 3
27 516 1
857 98 1
818 664 1
136 746 2
318 50 3
150 26 3
360 593 3
202 962 3
92 277 3
334 574 3
642 343 2
661 548 2
695 944 2
371 988 3
96 927 3
573 447 1
270 572 3
813 296 2
40 508 1
440 541 3
28 990 1
769 703 1
726 699 3
353 294 3
779 264 3
529 475 1
787 938 3
337 495 3
144 519 3
634 42 3
960 559 3
303 20 3
966 511 3
656 15 2
12 51 3
900 544 3
837 172 3
190 773 3
707 162 2
13 895 3
720 649 3
348 102 3
631 45 3
165 675 1
594 600 3
705 859 2
678 507 1
494 601 3
451 206 2
88 965 1
157 339 2
545 468 1
215 577 1
712 661 3
86 589 3
747 260 3
535 223 2
826 694 1
203 154 3
402 11 3
448 306 3
883 866 3
511 96 2
10 636 3
510 730 3
987 133 3
316 446 1
445 888 2
621 639 3
359 439 3
469 658 3
578 481 3
880 521 1
565 146 3
808 104 3
391 656 1
297 603 3
282 731 1
663 286 2
301 966 1
635 745 3
688 487 1
870 629 3
580 102 3
550 391 1
145 55 2
854 502 1
623 432 3
351 998 3
514 812 3
402 486 1
76 895 3
240 138 3
124 391 1
184 928 3
240 918 3
418 714 1
50 619 3
903 344 3
945 937 3
491 125 3
490 731 3
338 647 1
901 834 3
370 399 2
112 750 3
781 836 3
390 323 3
242 553 3
404 980 3
97 550 3
132 331 3
943 620 3
957 361 3
576 757 3
60 414 3
235 493 3
354 695 1
822 973 3
16 328 1
44 838 3
169 740 3
650 955 2
732 32 2
648 357 2
451 663 3
548 282 3
297 231 3
745 712 1
189 625 3
687 591 3
184 661 1
369 48 2
626 349 3
781 452 1
82 241 3
930 716 1
776 857 3
487 282 2
436 732 1
447 138 3
307 837 3
509 139 3
511 589 3
818 367 1
795 807 3
645 504 3
379 490 2
812 878 2
533 354 3
351 450 1
940 964 3
876 43 3
551 973 3
623 190 3
588 668 1
208 587 3
302 676 1
471 362 2
231 621 3
845 812 1
195 20 3
226 84 3
171 975 3
228 652 1
436 232 3
312 404 3
924 123 3
431 269 3
185 258 3
905 332 3
980 153 3
439 349 3
112 122 3
259 885 3
409 95 3
595 931 3
263 400 3
603 48 3
712 343 2
222 736 1
118 795 3
297 545 3
319 687 3
425 894 3
508 55 2
86 304 1
263 47 3
802 196 3
30 721 1
929 722 1
731 878 2
489 583 3
579 71 2
238 923 3
459 801 3
964 286 3
547 544 3
522 985 3
232 716 1
489 839 3
625 434 3
680 471 1
396 561 2
368 270 2
988 750 2
38 504 1
886 647 1
914 308 3
797 139 3
99 476 3
262 363 3
336 789 2
680 781 3
137 669 3
722 134 3
107 22 3
654 560 2
495 301 3
780 940 3
716 981 2
904 287 3
891 801 3
335 897 3
699 598 2
198 885 3
31 944 3
745 550 3
501 729 3
480 577 3
905 26 3
610 447 1
618 647 1
860 522 1
806 373 1
577 938 2
183 830 3
240 850 3
887 373 1
29 594 3
490 873 3
168 934 3
979 669 1
713 207 2
501 654 3
472 73 2
60 407 3
682 667 3
43 934 3
72 811 3
522 485 3
97 757 3
819 418 3
818 972 3
723 988 3
150 865 3
660 389 3
519 455 3
973 247 3
649 785 2
801 883 3
454 914 2
433 559 3
826 599 3
84 149 3
134 900 2
174 451 1
391 206 2
832 900 3
804 763 1
61 883 3
400 285 3
527 674 1
417 665 1
657 123 3
628 408 3
292 276 3
432 717 1
16 284 3
985 897 2
168 827 3
107 391 1
373 498 3
199 695 1
490 835 3
340 610 2
952 575 3
921 327 1
53 457 1
738 714 3
270 885 3
423 721 1
548 19 3
943 675 1
418 439 3
984 438 3
302 118 3
702 815 3
667 325 3
540 247 3
699 343 2
667 376 3
179 547 3
129 562 3
1000 396 1
172 399 3
33 516 1
562 658 1
882 951 3
670 723 3
191 401 3
369 832 2
461 135 3
982 61 3
157 85 2
856 164 3
645 325 1
377 302 3
191 12 3
429 540 3
483 96 2
121 147 3
590 632 3
227 860 3
385 975 3
583 571 3
252 997 3
291 554 3
618 516 1
266 331 1
825 431 3
983 492 1
731 72 2
344 888 3
585 65 3
108 437 3
907 827 3
880 395 1
818 614 3
261 819 3
595 887 3
23 932 3
426 191 3
313 259 3
162 898 3
179 594 3
423 504 1
95 613 3
599 820 3
471 532 3
696 203 2
700 454 3
639 428 2
34 967 3
69 621 3
320 696 1
531 721 1
655 347 2
408 517 1
820 557 3
719 157 3
969 563 3
532 695 1
326 427 2
106 837 3
611 732 1
779 361 3
424 455 1
91 387 3
267 776 3
154 735 1
282 431 3
441 694 1
528 946 3
458 785 2
876 706 1
519 110 2
944 390 1
638 591 3
958 460 1
241 51 3
677 229 2
290 835 2
672 16 2
696 864 2
68 79 3
255 670 1
225 501 1
668 218 3
845 572 1
345 123 3
781 672 3
676 600 2
7 56 3
603 57 3
387 153 3
916 20 3
2 436 3
463 833 2
425 618 3
461 521 3
771 864 3
323 98 3
785 909 3
472 109 3
36 517 1
176 144 3
722 560 2
474 5 2
153 767 3
342 849 3
608 917 3
192 987 1
739 506 3
243 272 3
918 101 3
270 508 1
766 586 3
189 763 1
288 83 3
92 662 1
577 517 3
684 172 2
547 939 3
426 591 3
645 441 2
648 942 2
680 656 1
636 452 1
946 840 3
209 533 3
710 554 2
237 681 3
120 368 1
608 240 3
451 579 3
459 867 3
662 407 2
771 113 1
351 444 1
663 301 2
417 402 3
842 834 3
833 404 3
257 391 2
614 361 3