815 632 3
906 356 2
127 998 2
914 225 2
633 653 3
98 605 2
279 388 3
547 143 3
958 26 3
965 422 3
158 185 1
971 726 2
958 371 2
486 842 1
801 735 2
142 572 3
422 177 3
916 958 3
793 266 1
960 925 2
656 224 3
36 374 3
850 88 2
934 641 3
679 181 2
758 46 3
744 724 3
393 348 1
656 661 3
172 384 3
707 628 1
32 22 1
277 911 1
47 801 2
98 746 2
824 814 3
695 384 3
318 618 3
951 576 3
35 531 3
439 276 3
382 249 1
766 452 3
796 228 2
187 805 2
490 987 2
446 30 1
647 536 1
710 88 2
755 803 2
277 990 2
680 67 1
656 940 1
163 19 1
119 684 2
499 784 1
960 535 2
341 886 3
586 900 3
224 626 1
752 138 3
256 218 2
506 183 2
700 42 3
891 107 2
960 617 3
548 940 1
139 355 2
150 411 2
258 985 3
841 946 2
255 677 3
815 989 3
244 767 3
930 337 2
350 663 1
197 245 3
252 296 3
617 681 3
474 528 3
352 412 2
831 603 3
586 751 3
550 584 1
918 552 3
286 584 3
758 512 1
754 83 3
381 720 2
568 997 3
76 355 2
54 972 2
531 347 1
780 887 3
935 455 3
130 414 1
569 218 3
470 126 1
12 309 3
338 727 3
163 783 3
795 694 2
312 10 2
529 844 3
166 923 3
602 771 3
263 43 1
655 379 3
690 705 1
749 730 3
451 225 2
84 270 3
229 674 1
914 478 2
153 624 3
826 237 1
539 178 3
997 830 3
79 767 3
443 935 1
107 108 1
962 183 3
5 100 3
775 490 1
818 194 1
869 896 1
85 100 1
400 45 3
260 558 3
801 773 2
432 312 3
911 179 3
182 339 3
264 211 3
146 511 3
137 907 1
870 629 2
580 102 1
550 391 1
145 55 1
854 502 2
623 432 1
351 998 3
514 812 2
402 486 3
76 895 1
240 138 1
124 391 1
184 928 3
240 918 1
418 714 3
50 619 1
903 344 2
945 937 2
491 125 1
490 731 2
338 647 2
901 834 1
370 399 2
112 750 2
781 836 2
390 323 1
242 553 3
404 980 3
97 550 2
132 331 2
943 620 1
957 361 1
576 757 3
60 414 3
235 493 2
354 695 1
822 973 2
16 328 2
44 838 1
169 740 3
650 955 2
732 32 2
648 357 1
451 663 3
548 282 1
297 231 3
745 712 2
189 625 3
687 591 1
184 661 3
369 48 1
626 349 2
781 452 3
82 241 2
930 716 2
776 857 2
487 282 3
436 732 3
447 138 1
307 837 2
509 139 3
511 589 1
818 367 1
795 807 2
645 504 3
379 490 1
812 878 1
533 354 2
351 450 1
940 964 3
876 43 1
551 973 3
623 190 1
588 668 3
208 587 1
302 676 3
471 362 3
231 621 1
845 812 2
195 20 1
226 84 1
171 975 2
228 652 3
436 232 3
312 404 3
924 123 1
431 269 3
185 258 2
905 332 2
980 153 1
439 349 2
112 122 2
259 885 1
409 95 1
595 931 1
263 400 3
603 48 3
712 343 2
222 736 2
118 795 3
297 545 1
319 687 3
425 894 3
508 55 1
86 304 2
263 47 1
802 196 1
30 721 2
929 722 2
731 878 1
489 583 3
579 71 2
238 923 2
459 801 2
964 286 1
547 544 2
522 985 1
232 716 2
489 839 2
625 434 2
680 471 2
396 561 2
368 270 1
988 750 3
38 504 2
886 647 3
914 308 2
797 139 1
99 476 3
262 363 3
336 789 1
680 781 2
137 669 3
722 134 3
107 22 1
654 560 3
495 301 2
780 940 2
716 981 1
904 287 2
891 801 2
335 897 1
699 598 1
198 885 3
31 944 2
745 550 2
501 729 3
480 577 1
905 26 1
610 447 2
618 647 2
860 522 2
806 373 2
577 938 3
183 830 1
240 850 1
887 373 2
29 594 3
490 873 3
168 934 3
979 669 2
713 207 3
501 654 1
472 73 3
60 407 3
682 667 3
43 934 3
72 811 2
522 485 1
97 757 3
819 418 2
818 972 2
723 988 2
150 865 3
660 389 2
519 455 2
973 247 1
649 785 2
801 883 3
454 914 1
433 559 2
826 599 3
84 149 2
134 900 1
174 451 1
391 206 3
832 900 3
804 763 2
61 883 3
400 285 1
527 674 2
417 665 2
657 123 3
628 408 2
292 276 3
432 717 2
16 284 3
985 897 3
168 827 2
107 391 1
373 498 3
199 695 3
490 835 3
340 610 1
952 575 3
921 327 1
53 457 2
738 714 3
270 885 2
423 721 2
548 19 1
943 675 2
418 439 3
984 438 3
302 118 3
702 815 2
667 325 2
540 247 3
699 343 2
667 376 2
179 547 3
129 562 2
1000 396 1
172 399 2
33 516 1
562 658 2
882 951 2
670 723 3
191 401 3
369 832 1
461 135 3
982 61 1
157 85 3
856 164 2
645 325 1
377 302 3
191 12 2
429 540 1
483 96 2
121 147 2
590 632 1
227 860 3
385 975 2
583 571 2
252 997 1
291 554 2
618 516 1
266 331 2
825 431 3
983 492 3
731 72 1
344 888 3
585 65 3
108 437 2
907 827 2
880 395 2
818 614 3
261 819 1
595 887 1
23 932 2
426 191 3
313 259 2
162 898 3
179 594 3
423 504 2
95 613 3
599 820 3
471 532 2
696 203 3
700 454 2
639 428 3
34 967 2
69 621 3
320 696 3
531 721 3
655 347 1
408 517 1
820 557 2
719 157 3
969 563 2
532 695 1
326 427 3
106 837 1
611 732 3
779 361 3
424 455 2
91 387 3
267 776 1
154 735 2
282 431 3
441 694 2
528 946 3
458 785 1
876 706 3
519 110 3
944 390 3
638 591 3
958 460 2
241 51 1
677 229 2
290 835 3
672 16 3
696 864 3
68 79 3
255 670 3
225 501 2
668 218 3
845 572 2
345 123 3
781 672 1
676 600 1
7 56 1
603 57 1
387 153 3
916 20 3
2 436 1
463 833 1
425 618 2
461 521 3
771 864 3
323 98 3
785 909 1
472 109 3
36 517 1
176 144 3
722 560 3
474 5 1
153 767 3
342 849 2
608 917 3
192 987 3
739 506 3
243 272 2
918 101 2
270 508 2
766 586 1
189 763 2
288 83 2
92 662 2
577 517 3
684 172 3
547 939 3
426 591 2
645 441 1
648 942 1
680 656 2
636 452 3
946 840 1
209 533 1
710 554 2
237 681 3
120 368 3
608 240 2
451 579 3
459 867 2
662 407 1
771 113 2
351 444 1
663 301 2
417 402 2
842 834 3
833 404 3
257 391 1
614 361 3