481 545 2
630 313 2
329 69 1
97 704 1
632 121 1
704 9 2
101 573 1
52 594 2
161 477 3
146 335 1
673 680 3
82 279 2
464 647 3
490 632 1
401 52 1
696 161 3
382 171 1
118 192 1
236 3 3
103 194 1
717 490 1
256 317 1
700 76 3
527 409 3
467 602 3
66 717 3
400 32 3
388 269 3
463 672 1
584 604 3
27 516 3
136 746 3
318 50 1
150 26 3
360 593 2
92 277 1
334 574 2
642 343 2
661 548 3
573 447 2
270 572 1
40 508 2
440 541 3
726 699 2
353 294 3
529 475 1
337 495 2
144 519 3
634 42 3
303 20 3
656 15 1
12 51 1
707 162 1
720 649 1
348 102 3
631 45 1
165 675 2
594 600 2
678 507 1
494 601 3
451 206 3
157 339 2
545 468 1
215 577 2
712 661 2
86 589 2
747 260 1
535 223 1
203 154 3
402 11 2
448 306 1
511 96 1
10 636 1
510 730 1
316 446 2
621 639 3
359 439 2
469 658 2
578 481 1
565 146 2
391 656 2
297 603 1
282 731 2
663 286 1
635 745 3
688 487 3
721 93 1
332 175 1
658 237 1
153 536 3
470 124 3
95 148 3
135 110 1
378 379 2
170 535 2
5 62 2
4 488 1
651 8 1
582 724 2
218 367 1
188 682 1
690 135 3
142 483 1
460 397 1
597 90 3
284 734 1
117 158 3
566 502 3
148 494 3
716 143 3
604 137 3
176 312 3
672 402 1
347 357 1
79 83 3
742 268 2
472 448 2
126 713 3
249 64 3
280 174 3
131 359 3
184 396 1
536 638 1
676 719 3
196 711 3
390 702 1
116 180 3
262 426 1
109 213 1
418 476 3
550 671 1
385 676 3
415 123 3
287 737 2
703 106 2
730 421 3
682 683 3
291 341 1
473 257 2
89 280 1
349 186 1
625 78 3
200 202 1
601 241 2
279 685 1
122 271 2
526 169 3
608 466 2
327 144 1
128 68 1
533 701 3
420 739 3
374 609 2
488 705 2
587 380 2
57 199 3
430 308 2
579 612 3
515 388 3
750 324 2
693 71 1
501 284 1
477 652 2
180 211 3
123 505 2
457 376 2
456 542 2
749 187 1
1 735 3
20 518 3
76 570 2
48 332 2
199 445 2
452 614 2
524 214 3
9 662 2
380 352 1
288 305 2
736 273 1
528 204 1
242 300 1
623 715 1
173 669 1
68 670 2
570 501 2
70 643 2
77 732 1
628 79 3
336 640 1
739 663 2
525 451 1
300 353 2
735 517 1
497 253 3
155 438 2
506 323 1
544 82 1
81 708 3
213 585 2
581 452 1
591 105 3
159 579 3
345 462 2
344 696 3
63 401 2
366 60 3
19 355 2
434 390 2
356 667 1
383 552 2
271 321 1
560 569 3
132 55 1
18 229 2
741 195 3
205 458 2
107 650 1
474 316 3
224 470 1
251 443 2
719 660 2
650 227 3
563 709 1
643 738 1
25 117 1
276 722 1
654 617 2
489 138 1
351 465 2
571 246 1
666 743 1
675 262 3
413 215 3
577 39 1
499 698 3
640 238 1
636 365 2
708 531 3
8 267 1
435 234 2
260 631 2
253 374 1
247 113 2
398 263 1
399 141 2
731 878 1
489 583 2
579 71 2
238 923 2
459 801 3
964 286 2
547 544 2
522 985 1
232 716 2
489 839 2
625 434 3
680 471 3
396 561 2
368 270 2
988 750 1
38 504 2
886 647 2
914 308 2
797 139 1
99 476 1
262 363 1
336 789 1
680 781 2
137 669 3
722 134 3
107 22 1
654 560 2
495 301 3
780 940 1
716 981 3
904 287 1
891 801 3
335 897 3
699 598 1
198 885 1
31 944 3
745 550 2
501 729 3
480 577 2
905 26 1
610 447 2
618 647 2
860 522 2
806 373 2
577 938 1
183 830 1
240 850 1
887 373 2
29 594 3
490 873 1
168 934 1
979 669 2
713 207 2
501 654 1
472 73 3
60 407 3
682 667 2
43 934 1
72 811 2
522 485 1
97 757 3
819 418 3
818 972 2
723 988 2
150 865 1
660 389 1
519 455 2
973 247 1
649 785 1
801 883 3
454 914 1
433 559 3
826 599 1
84 149 2
134 900 1
174 451 3
391 206 3
832 900 3
804 763 3
61 883 3
400 285 2
527 674 3
417 665 3
657 123 3
628 408 3
292 276 3
432 717 2
16 284 1
985 897 3
168 827 2
107 391 1
373 498 1
199 695 3
490 835 1
340 610 1
952 575 3
921 327 1
53 457 3
738 714 3
270 885 1
423 721 2
548 19 1
943 675 2
418 439 3
984 438 3
302 118 3
702 815 2
667 325 2
540 247 1
699 343 3
667 376 2
179 547 3
129 562 2
1000 396 3
172 399 3
33 516 1
562 658 3
882 951 2
670 723 1
191 401 2
369 832 1
461 135 3
982 61 3
157 85 3
856 164 3
645 325 1
377 302 2
191 12 2
429 540 1
483 96 3
121 147 2
590 632 1
227 860 3
385 975 3
583 571 2
252 997 2
291 554 1
618 516 3
266 331 2
825 431 3
983 492 3
731 72 3
344 888 3
585 65 3
108 437 1
907 827 2
880 395 3
818 614 3
261 819 1
595 887 1
23 932 2
426 191 3
313 259 2
162 898 1
179 594 3
423 504 2
95 613 2
599 820 2
471 532 2
696 203 3
700 454 2
639 428 3
34 967 2
69 621 3
320 696 3
531 721 2
655 347 1
408 517 3
820 557 2
719 157 3
969 563 2
532 695 1
326 427 1
106 837 1
611 732 1
779 361 3
424 455 2
91 387 3
267 776 1
154 735 2
282 431 3
441 694 2
528 946 1
458 785 1
876 706 1
519 110 2
944 390 3
638 591 3
958 460 2
241 51 1
677 229 2
290 835 3
672 16 1
696 864 3
68 79 3
255 670 2
225 501 3
668 218 3
845 572 2
345 123 3
781 672 3
676 600 1
7 56 1
603 57 3
387 153 3
916 20 3
2 436 1
463 833 1
425 618 2
461 521 1
771 864 3
323 98 3
785 909 1
472 109 2
36 517 1
176 144 3
722 560 1
474 5 3
153 767 3
342 849 2
608 917 2
192 987 2
739 506 2
243 272 2
918 101 2
270 508 2
766 586 1
189 763 2
288 83 1
92 662 1
577 517 1
684 172 1
547 939 3
426 591 3
645 441 1
648 942 1
680 656 2
636 452 3
946 840 3
209 533 3
710 554 2
237 681 3
120 368 1
608 240 2
451 579 3
459 867 2
662 407 3
771 113 2
351 444 1
663 301 1
417 402 2
842 834 3
833 404 3
257 391 1
614 361 1