815 632 1
906 356 1
127 998 1
914 225 3
633 653 1
98 605 3
279 388 3
547 143 3
958 26 3
965 422 2
158 185 3
971 726 1
958 371 3
486 842 3
801 735 3
142 572 3
422 177 3
916 958 3
793 266 3
960 925 3
656 224 2
36 374 3
850 88 3
934 641 3
679 181 3
758 46 3
744 724 1
393 348 1
656 661 2
172 384 3
707 628 2
32 22 3
277 911 3
47 801 3
98 746 3
824 814 1
695 384 2
318 618 3
951 576 3
35 531 3
439 276 3
382 249 3
766 452 3
796 228 2
187 805 3
490 987 1
446 30 3
647 536 2
710 88 3
755 803 3
277 990 1
680 67 3
656 940 2
163 19 3
119 684 2
499 784 2
960 535 3
341 886 3
586 900 2
224 626 1
752 138 1
256 218 3
506 183 3
700 42 2
891 107 3
960 617 1
548 940 3
139 355 1
150 411 3
258 985 3
841 946 3
255 677 3
815 989 3
244 767 1
930 337 3
350 663 2
197 245 3
252 296 1
617 681 2
474 528 3
352 412 2
831 603 3
586 751 3
550 584 3
918 552 3
286 584 3
758 512 1
754 83 3
381 720 2
568 997 1
76 355 1
54 972 1
531 347 2
780 887 3
935 455 3
130 414 3
569 218 3
470 126 3
12 309 1
338 727 1
163 783 3
795 694 1
312 10 1
529 844 3
166 923 3
602 771 1
263 43 1
655 379 2
690 705 3
749 730 1
451 225 2
84 270 3
229 674 1
914 478 3
153 624 1
826 237 1
539 178 3
997 830 2
79 767 1
443 935 3
107 108 3
962 183 1
5 100 3
775 490 3
818 194 3
869 896 3
85 100 2
400 45 1
260 558 3
801 773 3
432 312 3
911 179 3
182 339 3
264 211 3
146 511 2
137 907 3
870 629 1
580 102 2
550 391 1
145 55 2
854 502 1
623 432 2
351 998 1
514 812 1
402 486 3
76 895 3
240 138 1
124 391 1
184 928 2
240 918 2
418 714 1
50 619 1
903 344 1
945 937 3
491 125 3
490 731 1
338 647 1
901 834 2
370 399 3
112 750 2
781 836 3
390 323 2
242 553 2
404 980 1
97 550 2
132 331 1
943 620 1
957 361 3
576 757 3
60 414 3
235 493 3
354 695 1
822 973 3
16 328 3
44 838 3
169 740 3
650 955 2
732 32 1
648 357 2
451 663 2
548 282 1
297 231 3
745 712 1
189 625 1
687 591 2
184 661 3
369 48 1
626 349 3
781 452 3
82 241 1
930 716 1
776 857 3
487 282 3
436 732 3
447 138 1
307 837 3
509 139 1
511 589 1
818 367 3
795 807 2
645 504 2
379 490 2
812 878 3
533 354 1
351 450 1
940 964 3
876 43 1
551 973 3
623 190 1
588 668 3
208 587 2
302 676 2
471 362 2
231 621 1
845 812 1
195 20 1
226 84 3
171 975 3
228 652 1
436 232 3
312 404 1
924 123 3
431 269 1
185 258 1
905 332 1
980 153 3
439 349 1
112 122 2
259 885 3
409 95 3
595 931 3
263 400 3
603 48 3
712 343 2
222 736 3
118 795 2
297 545 2
319 687 1
425 894 3
508 55 2
86 304 3
263 47 3
802 196 1
30 721 1
929 722 1
731 878 2
489 583 1
579 71 2
238 923 3
459 801 2
964 286 1
547 544 1
522 985 3
232 716 1
489 839 3
625 434 2
680 471 3
396 561 2
368 270 1
988 750 2
38 504 3
886 647 1
914 308 1
797 139 3
99 476 1
262 363 3
336 789 3
680 781 3
137 669 2
722 134 3
107 22 2
654 560 2
495 301 3
780 940 3
716 981 2
904 287 1
891 801 3
335 897 2
699 598 2
198 885 2
31 944 3
745 550 3
501 729 1
480 577 1
905 26 3
610 447 2
618 647 3
860 522 3
806 373 1
577 938 3
183 830 2
240 850 3
887 373 1
29 594 1
490 873 3
168 934 3
979 669 2
713 207 2
501 654 1
472 73 1
60 407 3
682 667 1
43 934 3
72 811 2
522 485 1
97 757 3
819 418 3
818 972 1
723 988 1
150 865 3
660 389 1
519 455 1
973 247 1
649 785 3
801 883 3
454 914 2
433 559 2
826 599 1
84 149 1
134 900 2
174 451 3
391 206 2
832 900 3
804 763 1
61 883 3
400 285 1
527 674 1
417 665 1
657 123 2
628 408 3
292 276 3
432 717 1
16 284 1
985 897 2
168 827 3
107 391 1
373 498 2
199 695 1
490 835 3
340 610 1
952 575 3
921 327 1
53 457 3
738 714 1
270 885 3
423 721 1
548 19 3
943 675 3
418 439 3
984 438 3
302 118 1
702 815 3
667 325 3
540 247 1
699 343 2
667 376 3
179 547 2
129 562 3
1000 396 1
172 399 3
33 516 3
562 658 1
882 951 3
670 723 3
191 401 3
369 832 3
461 135 3
982 61 3
157 85 3
856 164 1
645 325 2
377 302 3
191 12 1
429 540 3
483 96 3
121 147 1
590 632 1
227 860 3
385 975 1
583 571 2
252 997 1
291 554 3
618 516 1
266 331 1
825 431 1
983 492 3
731 72 3
344 888 3
585 65 3
108 437 3
907 827 3
880 395 1
818 614 1
261 819 3
595 887 3
23 932 3
426 191 3
313 259 3
162 898 3
179 594 3
423 504 3
95 613 3
599 820 3
471 532 3
696 203 2
700 454 2
639 428 3
34 967 2
69 621 1
320 696 3
531 721 3
655 347 2
408 517 3
820 557 3
719 157 3
969 563 3
532 695 1
326 427 2
106 837 3
611 732 3
779 361 1
424 455 1
91 387 1
267 776 3
154 735 3
282 431 3
441 694 1
528 946 3
458 785 3
876 706 3
519 110 3
944 390 1
638 591 2
958 460 3
241 51 2
677 229 1
290 835 3
672 16 3
696 864 2
68 79 1
255 670 3
225 501 1
668 218 1
845 572 3
345 123 3
781 672 3
676 600 3
7 56 3
603 57 3
387 153 2
916 20 3
2 436 3
463 833 3
425 618 3
461 521 3
771 864 2
323 98 3
785 909 1
472 109 1
36 517 3
176 144 1
722 560 2
474 5 3
153 767 3
342 849 3
608 917 2
192 987 1
739 506 3
243 272 2
918 101 1
270 508 3
766 586 3
189 763 1
288 83 1
92 662 2
577 517 2
684 172 2
547 939 3
426 591 3
645 441 2
648 942 2
680 656 1
636 452 1
946 840 3
209 533 1
710 554 2
237 681 3
120 368 1
608 240 2
451 579 1
459 867 3
662 407 3
771 113 3
351 444 3
663 301 1
417 402 3
842 834 3
833 404 1
257 391 1
614 361 1