481 545 1
630 313 1
329 69 1
97 704 2
632 121 1
704 9 2
101 573 1
52 594 3
161 477 2
146 335 1
673 680 1
82 279 2
464 647 1
490 632 2
401 52 1
696 161 1
382 171 1
118 192 1
236 3 2
103 194 1
717 490 1
256 317 1
700 76 2
527 409 3
467 602 1
66 717 2
400 32 1
388 269 2
463 672 1
584 604 1
27 516 1
136 746 1
318 50 2
150 26 1
360 593 2
92 277 1
334 574 2
642 343 1
661 548 1
573 447 3
270 572 2
40 508 2
440 541 2
726 699 1
353 294 2
529 475 2
337 495 1
144 519 1
634 42 1
303 20 2
656 15 1
12 51 1
707 162 1
720 649 1
348 102 2
631 45 1
165 675 2
594 600 2
678 507 2
494 601 2
451 206 1
157 339 3
545 468 1
215 577 2
712 661 1
86 589 2
747 260 1
535 223 1
203 154 2
402 11 1
448 306 1
511 96 1
10 636 1
510 730 1
316 446 2
621 639 1
359 439 2
469 658 1
578 481 1
565 146 1
391 656 1
297 603 2
282 731 2
663 286 1
635 745 2
688 487 2
721 93 1
332 175 1
658 237 1
153 536 2
470 124 1
95 148 1
135 110 1
378 379 1
170 535 1
5 62 1
4 488 1
651 8 2
582 724 2
218 367 1
188 682 2
690 135 1
142 483 2
460 397 1
597 90 1
284 734 1
117 158 2
566 502 1
148 494 1
716 143 1
604 137 2
176 312 2
672 402 1
347 357 1
79 83 1
742 268 1
472 448 1
126 713 2
249 64 2
280 174 1
131 359 3
184 396 1
536 638 1
676 719 2
196 711 2
390 702 3
116 180 1
262 426 3
109 213 1
418 476 2
550 671 1
385 676 2
415 123 1
287 737 2
703 106 2
730 421 1
682 683 2
291 341 1
473 257 1
89 280 2
349 186 1
625 78 1
200 202 1
601 241 2
279 685 2
122 271 2
526 169 1
608 466 2
327 144 1
128 68 1
533 701 1
420 739 1
374 609 1
488 705 2
587 380 2
57 199 1
430 308 2
579 612 1
515 388 1
750 324 1
693 71 2
501 284 1
477 652 1
180 211 1
123 505 2
457 376 1
456 542 2
749 187 3
1 735 1
20 518 1
76 570 2
48 332 2
199 445 2
452 614 2
524 214 1
9 662 2
380 352 1
288 305 2
736 273 1
528 204 2
242 300 2
623 715 2
173 669 2
68 670 2
570 501 1
70 643 2
77 732 3
628 79 1
336 640 1
739 663 2
525 451 2
300 353 1
735 517 3
497 253 1
155 438 2
506 323 1
544 82 1
81 708 1
213 585 2
581 452 2
591 105 2
159 579 2
345 462 2
344 696 2
63 401 1
366 60 1
19 355 1
434 390 1
356 667 2
383 552 1
271 321 1
560 569 1
132 55 1
18 229 1
741 195 1
205 458 2
107 650 1
474 316 1
224 470 2
251 443 1
719 660 1
650 227 3
563 709 1
643 738 1
25 117 1
276 722 2
654 617 2
489 138 2
351 465 2
571 246 1
666 743 1
675 262 1
413 215 1
577 39 1
499 698 3
640 238 1
636 365 3
708 531 2
8 267 1
435 234 1
260 631 2
253 374 1
247 113 2
398 263 2
399 141 2
731 878 1
489 583 2
579 71 2
238 923 2
459 801 2
964 286 1
547 544 3
522 985 1
232 716 2
489 839 3
625 434 1
680 471 2
396 561 1
368 270 1
988 750 1
38 504 2
886 647 2
914 308 2
797 139 3
99 476 2
262 363 1
336 789 1
680 781 1
137 669 1
722 134 1
107 22 1
654 560 2
495 301 2
780 940 2
716 981 1
904 287 1
891 801 2
335 897 1
699 598 2
198 885 1
31 944 2
745 550 1
501 729 2
480 577 1
905 26 1
610 447 1
618 647 2
860 522 2
806 373 2
577 938 1
183 830 1
240 850 1
887 373 2
29 594 1
490 873 3
168 934 2
979 669 2
713 207 1
501 654 1
472 73 1
60 407 1
682 667 2
43 934 1
72 811 1
522 485 1
97 757 2
819 418 2
818 972 2
723 988 2
150 865 1
660 389 1
519 455 2
973 247 2
649 785 2
801 883 1
454 914 1
433 559 2
826 599 2
84 149 2
134 900 1
174 451 2
391 206 1
832 900 3
804 763 2
61 883 1
400 285 1
527 674 2
417 665 2
657 123 1
628 408 1
292 276 1
432 717 2
16 284 2
985 897 2
168 827 1
107 391 1
373 498 1
199 695 1
490 835 3
340 610 2
952 575 1
921 327 2
53 457 2
738 714 2
270 885 1
423 721 2
548 19 1
943 675 2
418 439 3
984 438 3
302 118 2
702 815 2
667 325 1
540 247 1
699 343 2
667 376 2
179 547 2
129 562 2
1000 396 2
172 399 3
33 516 2
562 658 1
882 951 2
670 723 1
191 401 2
369 832 1
461 135 1
982 61 2
157 85 1
856 164 2
645 325 1
377 302 2
191 12 2
429 540 2
483 96 1
121 147 2
590 632 2
227 860 3
385 975 2
583 571 2
252 997 2
291 554 2
618 516 2
266 331 2
825 431 2
983 492 2
731 72 2
344 888 1
585 65 1
108 437 1
907 827 1
880 395 2
818 614 2
261 819 1
595 887 1
23 932 1
426 191 1
313 259 2
162 898 1
179 594 1
423 504 2
95 613 1
599 820 1
471 532 1
696 203 2
700 454 2
639 428 1
34 967 2
69 621 1
320 696 1
531 721 2
655 347 2
408 517 1
820 557 2
719 157 2
969 563 2
532 695 1
326 427 1
106 837 1
611 732 2
779 361 1
424 455 2
91 387 2
267 776 1
154 735 2
282 431 1
441 694 2
528 946 2
458 785 1
876 706 2
519 110 1
944 390 1
638 591 1
958 460 2
241 51 1
677 229 1
290 835 1
672 16 1
696 864 1
68 79 2
255 670 2
225 501 1
668 218 1
845 572 2
345 123 3
781 672 2
676 600 1
7 56 1
603 57 2
387 153 1
916 20 1
2 436 1
463 833 1
425 618 1
461 521 1
771 864 1
323 98 1
785 909 2
472 109 2
36 517 2
176 144 2
722 560 2
474 5 1
153 767 2
342 849 1
608 917 1
192 987 2
739 506 2
243 272 1
918 101 2
270 508 2
766 586 1
189 763 2
288 83 2
92 662 2
577 517 1
684 172 1
547 939 1
426 591 1
645 441 1
648 942 1
680 656 1
636 452 2
946 840 1
209 533 2
710 554 1
237 681 1
120 368 2
608 240 1
451 579 1
459 867 1
662 407 1
771 113 1
351 444 2
663 301 1
417 402 1
842 834 3
833 404 3
257 391 2
614 361 1